 
101
 0 6 13 25 24 30 35 44 48 53 58 84 89 98 96 90 96 102 113 140 146 151 160 167 174 181 191 171 174 171 186 194 196 203 229 216 222 226 234 240 246 251 257 263 270 278 286 292 294 305 309 315 336 333 334 339 344 350 358 365 371 377 386 393 394 417 548 414 448 423 428 490 459 449 499 579 465 506 477 482 489 496 500 469 517 850 526 534 541 545 588 558 566 571 608 583 588 595 598 610 613 
101
 0 5 13 25 26 31 35 61 50 52 62 68 74 79 88 94 100 106 114 123 125 131 167 172 178 184 193 171 178 171 196 198 205 210 220 244 229 216 240 246 259 256 282 268 276 311 269 272 299 315 315 319 350 341 342 343 357 387 368 373 376 386 413 395 403 409 415 439 394 533 440 483 453 489 548 470 476 488 487 493 505 512 513 519 530 532 541 565 553 557 569 568 594 596 621 604 714 621 629 625 623 
101
 0 10 20 32 40 38 44 60 59 60 75 81 87 93 98 111 119 125 136 143 150 156 188 185 200 221 233 241 213 218 227 234 236 245 252 269 265 275 295 291 318 321 336 331 405 437 346 354 475 508 432 382 458 395 402 485 416 426 431 463 446 453 462 466 574 567 494 485 511 610 616 582 537 544 561 557 569 609 582 588 612 602 611 643 629 683 641 650 654 659 665 676 688 735 698 710 705 722 730 744 741 
6
501
0 :  1 3 5 7 9 11 12 15 15 18 19 23 31 27 28 30 33 44 37 38 40 43 44 50 47 50 51 54 56 58 60 62 72 65 67 69 72 74 75 92 79 81 84 85 88 89 91 93 115 90 92 101 103 105 107 108 111 113 115 118 119 122 123 124 127 128 130 133 135 137 187 142 149 145 166 148 179 181 235 187 209 201 205 207 209 169 170 180 175 201 195 188 170 185 233 235 189 191 193 195 233 199 187 204 206 221 209 260 228 216 217 265 223 231 209 307 229 231 231 253 247 240 242 244 245 248 249 255 244 254 257 374 276 273 257 284 270 271 272 346 304 283 281 283 285 266 302 299 292 295 277 298 314 361 363 364 321 309 323 357 376 377 381 384 428 356 327 331 398 333 335 338 340 317 344 391 346 349 351 353 354 357 389 360 407 363 366 374 372 374 376 392 380 380 385 388 388 390 391 411 396 399 401 401 410 408 409 412 417 414 433 421 420 421 420 480 439 429 399 491 434 435 436 437 408 444 446 447 419 452 454 457 455 427 462 464 502 468 471 488 477 475 478 479 498 482 486 452 490 491 493 497 497 501 518 501 590 491 504 510 511 515 516 521 522 523 523 553 529 531 535 534 523 567 541 505 555 626 559 552 554 659 663 851 557 558 562 566 708 657 571 574 575 576 607 582 584 586 546 589 611 603 553 636 596 603 641 752 703 688 611 568 629 619 623 623 640 624 695 710 651 836 756 757 763 639 813 645 648 836 678 653 658 659 697 662 663 680 664 668 695 668 674 699 724 712 658 717 701 687 690 709 694 699 701 717 704 706 718 712 745 665 716 720 720 742 727 732 731 728 729 733 969 1068 1068 844 741 775 770 753 753 826 787 758 759 795 747 875 770 765 773 866 777 798 817 793 783 797 862 790 793 793 822 799 801 875 833 807 810 814 811 813 904 837 824 822 851 837 823 823 826 829 833 835 856 837 842 843 863 852 823 888 919 886 861 861 1167 871 867 871 841 910 876 882 881 879 980 1017 1011 862 1100 1107 1117 1116 1133 1010 922 901 906 915 964 960 969 950 1248 1099 1013 968 929 1063 1053 1033 933 1116 1134 1137 1074 947 946 1206 954 1097 954 958 975 959 964 966 932 986 995 978 972 999 957 976 978 1059 984 1088 986 
1 :  6 10 14 18 21 26 30 34 38 41 42 49 54 57 62 61 70 110 78 81 85 83 93 97 102 105 110 114 128 122 143 129 152 153 142 145 167 153 179 160 165 168 172 176 168 171 189 230 218 201 205 210 214 201 220 225 229 258 238 240 249 248 253 257 261 265 301 274 277 282 263 307 293 297 301 304 310 312 315 320 324 328 332 336 339 342 348 351 356 360 418 367 373 376 380 386 391 366 393 397 400 405 408 384 489 421 424 452 431 437 476 448 454 468 460 462 477 799 495 544 488 486 489 587 611 501 508 530 530 522 523 530 533 536 669 542 719 725 580 547 583 588 595 571 539 598 586 590 594 612 601 652 589 750 731 619 626 626 631 634 645 663 644 612 655 659 664 668 670 814 680 685 687 759 817 793 710 932 961 943 741 724 729 735 736 889 832 763 769 759 763 766 783 772 772 722 817 809 795 799 816 805 807 766 834 824 835 828 859 838 840 842 887 855 857 862 889 870 875 828 888 898 891 889 898 931 905 907 914 886 899 926 928 928 962 1037 977 943 951 1194 918 982 961 959 970 973 992 1013 990 1010 1203 995 1003 975 1039 1019 1018 1022 1029 1051 1035 1013 1057 1048 1090 1072 1100 1064 1069 1074 1069 1100 1080 1084 1040 1122 1123 1109 1131 1210 1034 1468 1565 1127 1130 1056 1192 1213 1270 1148 1177 1107 1105 1173 1175 1177 1243 1259 1261 1343 1199 1440 1361 1211 1217 3839 3107 2213 1817 3119 2851 3145 3504 2466 2447 1176 1348 1198 1276 1282 1287 1302 1357 1473 1639 1488 1320 1313 1314 1309 1317 1322 1342 1384 1358 1335 1348 1301 2097 1383 1386 1365 1724 1489 1416 1371 1753 1721 1525 1395 1828 1438 1379 1439 1427 1413 1453 1431 1435 1478 1444 1547 1707 1520 1536 1485 1652 1497 1503 1605 1512 1495 1600 1517 1519 1523 1524 1566 1770 1551 1588 1632 1827 1834 1557 1504 1508 1517 1589 1563 1581 1581 1594 1522 1594 1598 1591 1607 1606 1626 1602 1605 1606 1609 1618 1710 1521 1673 1634 1662 1639 1643 1649 1659 1666 1670 1661 1688 1806 1603 1708 1652 1695 1708 1730 1716 1721 1737 1729 1753 1762 1729 1888 1781 1760 1756 1763 1788 1765 1790 1781 2033 1947 1774 1778 1776 1662 1652 1781 1791 1835 1799 1804 1812 1812 1811 1721 1828 1864 1852 2047 1836 1845 1848 1847 1864 1938 1979 1896 2476 2007 2111 1862 1881 1902 1980 1907 1934 1893 1913 1878 1946 1940 1944 1972 1950 1955 1928 1984 1938 1995 1898 1939 1874 1986 2058 2000 2027 2032 1987 1997 
2 :  11 18 24 30 36 42 47 54 59 66 71 77 101 89 95 102 107 113 119 125 122 137 147 149 155 160 167 172 179 184 190 212 203 208 214 219 240 231 237 244 251 255 263 248 327 334 341 350 374 314 325 364 323 330 351 342 358 368 358 364 370 375 381 387 394 531 460 410 415 420 593 431 463 443 451 483 574 436 478 481 485 493 499 505 541 515 553 529 536 541 545 591 556 563 597 535 583 631 596 600 607 610 659 624 616 634 639 648 651 663 666 686 675 682 687 692 650 744 747 718 726 731 749 765 780 859 858 771 962 1005 1014 952 798 803 813 843 822 828 835 857 844 877 910 882 873 875 884 910 894 1084 909 915 952 924 933 890 1049 1101 986 932 991 972 1001 986 993 996 998 1001 982 1028 1033 1022 1014 1037 1044 1031 1053 1061 1063 1112 1105 1097 1096 1095 1105 1111 1117 1243 1154 1134 1138 1146 1150 1152 1142 1158 1187 1284 1231 1594 1267 1210 1246 1222 1229 1258 1258 1409 1271 1297 1263 1271 1272 1282 1302 1328 1356 1301 1306 1317 1323 1329 1366 1353 1695 1395 1256 1362 1371 1298 1284 1412 1401 1427 1430 1408 1421 1424 1428 1435 1435 1450 1457 1477 1503 1478 1490 1514 1530 1623 1530 1610 1530 1544 1664 1528 1480 1557 1621 2065 1560 1587 1588 1598 1602 1608 1637 1625 1734 1628 1645 1623 1623 1645 1645 1665 1651 2012 2027 1798 1784 1731 1921 1806 1776 1726 1728 2757 1720 1642 1738 1735 1745 1751 1633 1763 1829 1642 1783 1798 1783 1794 1798 1973 1825 2177 2201 1843 1845 1771 1814 1893 2253 2264 1923 1896 1979 1890 1922 1930 1946 2060 1842 1945 1949 2061 1986 1967 2456 2469 1988 1998 2005 2051 1910 2016 2011 2025 1915 2034 2148 2031 2051 2044 2052 2069 1969 2090 2467 2611 2221 2071 2980 2798 2842 2128 2023 2263 2162 2430 2694 2162 2197 2191 2162 2221 2112 2118 2554 2533 2134 2290 2359 2172 2815 2820 2262 2262 2272 2119 2867 2275 2271 2283 2305 2297 2254 2326 2326 2558 2322 2387 2336 2818 2836 2385 2396 2382 2370 2215 2420 2564 2566 2272 2756 2913 2437 2466 2329 2285 2441 2811 2416 2321 2481 2479 2481 2505 2539 2519 2511 2518 2512 2553 2590 2435 2683 2555 2597 2410 2508 2559 2427 2603 2621 2589 3033 3093 2436 2589 2613 2658 2549 2635 2668 2709 2551 2478 3207 3222 2694 2710 2847 2700 2740 2723 2724 3112 2737 2684 2717 2747 2732 2766 2833 3040 2903 3834 3677 3035 2876 3166 2721 2641 2624 2850 2843 2856 2795 2866 2730 2895 2885 2900 3117 2787 2720 3053 3052 3792 2929 3265 2818 2823 2966 2878 2880 2967 3111 2826 2976 
3 :  18 24 34 41 46 58 65 73 81 89 96 97 113 119 128 136 145 191 201 167 176 183 191 199 208 215 224 232 240 248 257 263 251 279 288 294 319 311 319 326 335 342 351 402 398 373 407 423 399 565 573 478 431 420 446 714 461 468 635 485 492 466 525 516 597 533 620 548 555 654 712 739 731 594 563 613 621 631 667 645 652 676 668 677 681 691 696 705 755 755 731 739 937 773 767 775 782 817 800 802 823 1011 972 891 868 892 861 869 813 981 892 899 906 949 957 945 940 916 1008 963 987 983 987 1011 1135 1117 1432 1040 1035 1044 1019 1055 1047 1091 1085 1072 1017 1102 1414 1041 1308 1400 1166 1154 1079 1096 1177 1216 1208 1259 1202 1212 1524 1533 1241 1264 1257 1858 1271 1278 1413 1316 1652 1383 1226 1501 1334 1343 1255 1539 1306 1383 1534 1408 1454 1403 1410 1421 1587 1526 1467 1450 1464 1481 1515 1503 1504 1516 1583 1554 1520 1531 1545 1729 1557 1450 1457 1610 1608 1543 1630 1654 1604 1545 1652 1731 1668 1580 1665 1672 1681 1709 1698 1706 1713 1719 1762 1739 1737 1754 1788 1763 1807 1781 1793 1795 1807 1829 1826 2304 2143 1845 1862 1926 1884 1819 1924 1922 1905 1911 1956 1929 1976 1974 1906 1887 1892 2013 1851 1854 2004 2017 2020 2048 2187 2070 2071 2087 2211 2040 2088 2085 2146 2107 2132 2145 2172 2150 2172 2177 2162 2134 2185 2187 2201 2095 2259 2578 2224 2793 2290 2270 2288 2273 2276 2280 2172 2306 2600 2336 2156 2336 2333 2345 2456 2592 2185 2403 2878 2393 2390 2419 2437 2357 2461 2308 2494 2464 2463 2334 2513 2475 2482 2647 2565 2417 2512 2588 2564 2626 2559 2554 2497 2597 2610 2615 2631 2675 2663 2507 3493 3086 2754 2530 2660 2727 3196 3626 2730 3014 2722 2742 2681 2735 2767 2773 2718 2773 2631 2847 2666 2851 2807 2945 2650 2821 2797 3031 2866 3009 2894 2872 2891 2907 2893 3243 2931 3055 2951 2946 2974 2957 2978 2995 2980 3014 3183 3140 3388 3039 3035 3166 3209 3750 3212 3115 2945 2975 3140 3131 3116 3211 3165 3117 3168 3179 3165 3220 3266 3198 3213 3245 4713 3582 3323 3169 3258 3361 3181 3114 3253 3149 3299 3242 3223 3463 3256 3481 3434 3633 3384 3405 3382 3334 3324 3446 3414 3452 3433 3349 3261 3476 3467 3477 3524 3472 3485 3526 3716 3524 3525 3560 3372 3704 3561 3372 3632 3386 3565 3613 3606 3542 3886 3488 3649 3599 3641 3701 3715 3562 4049 3786 3663 3760 3969 4077 3601 3665 3772 3709 3646 3756 3997 3719 3801 3814 3609 3750 3821 3689 3861 3747 3772 3810 3854 3747 3648 3706 4013 3677 4315 4684 3920 3995 4023 4724 5101 5009 3849 3972 4002 
4 :  30 32 40 53 63 73 83 101 102 113 123 132 141 152 200 172 508 602 281 294 323 328 316 332 286 274 281 270 299 388 399 411 457 349 359 369 379 394 403 411 439 561 550 561 603 617 630 522 499 510 566 530 538 549 656 566 630 621 692 721 732 744 637 642 660 670 676 700 703 708 716 745 737 747 759 770 779 795 799 806 901 768 954 783 929 892 1057 1052 1060 901 913 942 928 943 957 968 1002 987 996 1006 1025 1073 1046 1038 1380 1065 1417 1431 1443 1463 1471 1130 1140 1148 1263 1272 1265 1426 1173 1206 1206 1218 1271 1212 1198 1318 1265 1286 1308 1284 1335 1303 1434 1696 1354 1400 1377 1377 1396 1403 1415 1429 1499 1573 1572 1744 1888 1853 1499 1505 1527 1534 1566 1570 1577 1722 1562 1657 1603 1914 1625 1630 1644 1636 1643 1653 1666 1672 1678 1903 1715 1746 1743 1644 1758 1798 1755 1787 1773 1752 1758 1922 1801 1741 1799 1773 1780 1909 1878 1886 1769 2053 1826 1956 1944 1953 2005 1989 1899 1846 2017 2418 2056 2050 2057 2098 2088 2466 2493 2086 2116 1999 2951 2179 2023 3255 2174 2188 2277 2773 2619 2227 2401 2250 2396 2313 2263 2315 2312 2243 2528 2309 2321 2340 2588 2209 2393 2272 2420 2462 2413 2439 2557 2643 2295 2453 2481 2861 2504 2518 2495 2611 2546 2652 2560 2553 2588 3241 2406 2596 2632 2631 2662 2661 2651 2670 2509 2582 2586 2693 2720 2732 2737 2733 2669 2632 2776 2812 2795 2802 2844 2816 2883 2861 2702 2858 2887 2926 2887 2920 2909 2910 2927 2957 2955 3042 3000 3332 3001 2838 2762 3033 2941 3046 3025 3033 3130 3133 3424 3638 3073 3197 3051 2966 3776 4005 4419 4415 3668 3187 3227 3194 3225 3253 3328 3695 3278 3310 3905 4027 3159 3266 3273 3384 3254 3367 3367 3367 3405 3203 3422 3570 3644 3527 3236 3335 3470 3327 3232 3553 3538 3771 3516 3561 3422 3595 3590 3406 4131 3495 3773 3545 3428 3621 3474 3422 3538 4267 3687 3818 3732 3728 3558 3751 3746 3880 3629 4505 4059 3779 3864 3761 3671 4951 3837 4002 3740 3868 3905 3757 3835 3993 3801 3830 3802 3962 3958 3973 4007 3940 3967 4008 4398 4493 4364 4057 4186 3966 4117 4191 4157 4078 4138 4155 4165 4108 4163 4191 4496 4115 3975 4217 4194 3970 4229 4020 4409 4398 4304 4309 4567 4317 4306 4318 4428 4335 4391 4262 4296 4322 4230 4413 4566 4245 4438 4422 4478 4332 4413 4498 4596 4475 4379 4511 4476 4352 4534 4476 4651 4592 4590 4639 4656 4651 4589 4688 4741 4932 4507 4499 4766 5674 4727 4919 4976 4783 5109 4763 4539 4769 5386 5086 4872 4602 4621 4623 4720 4881 5068 4842 4915 4698 4794 4656 4721 4739 4798 6536 4725 6227 4989 
5 :  25 40 53 64 74 85 98 110 121 134 193 210 224 270 253 272 287 313 318 590 265 259 290 303 374 415 338 350 373 388 564 585 568 479 429 466 438 687 606 586 601 612 525 537 550 562 574 596 599 616 628 685 652 862 875 893 763 918 666 742 740 752 762 777 785 797 1026 903 864 845 797 882 905 893 905 914 945 903 957 1296 982 916 1017 1515 1101 1451 1054 1041 1090 1077 1092 1105 1119 1209 1174 1271 1169 1179 1205 1141 1216 1228 1192 1284 1172 1278 1321 1302 1308 1370 1363 1368 1364 1421 1412 1396 1540 1415 1437 1438 1454 1471 1523 1490 1538 1525 1536 1646 1687 1605 1567 1973 2204 1744 1634 1626 1642 1639 1696 1699 1758 2045 2046 1736 1742 1756 1771 1784 1792 1803 1819 1842 1842 1854 1856 1879 1916 1904 1914 1922 2045 1948 1992 2028 2010 1918 2035 2120 1879 2036 2054 1949 2072 2094 2120 2131 2143 2144 2087 2414 2174 2184 2203 2209 2388 2340 3116 2700 2265 2143 2421 2311 2305 2301 2294 2213 2190 2403 2389 2449 2665 3236 2606 2545 2500 2658 3133 2951 2521 2542 2533 2569 2660 2586 2571 2583 2587 2651 2492 2466 2658 2608 2549 2476 2701 2989 3233 2748 2746 2594 2695 2780 2796 2636 2841 2841 2678 2671 2848 2824 2894 2892 2884 3561 2847 4151 3582 3933 3546 3020 2996 3037 3046 3024 3295 3100 3083 3004 3123 3110 3132 3330 3167 3514 3191 3237 2981 3199 3105 3233 3157 3231 3336 3327 3121 3297 3137 3345 3204 3364 3250 3475 3308 4252 4704 3358 4278 3572 4090 3895 3254 3509 3339 3539 3360 3433 3574 3592 3555 3580 3610 3622 3697 3969 4631 5291 5127 3513 3707 3520 3660 3871 3500 3518 3973 3652 3594 3835 3836 3868 3855 3925 3899 3671 3658 3736 4583 4359 3944 4134 3944 4025 4310 3780 4029 3997 4076 4074 4050 3814 3904 3948 4061 4118 4090 4135 4091 4143 4186 4202 4170 4203 4171 4287 4215 4240 4300 4276 4295 4355 4352 5168 4162 4181 4356 4304 4228 4183 4409 4479 4842 5187 4268 5180 4566 4284 4569 4613 5262 4670 4574 4594 4619 4464 4477 4429 4555 4520 4789 4685 4664 4747 4724 4716 4702 4440 4750 4699 4603 4785 4787 4699 4839 4716 4864 4894 4632 4847 4868 4885 4776 4876 4940 4920 4934 4852 4946 4985 5000 4702 4957 5006 4846 5093 5100 5257 5083 5089 5632 5193 5573 4905 5283 5553 4951 5194 5231 5223 5176 5235 5196 5017 5306 5628 5326 5891 5413 5112 5217 5369 5248 5414 5119 5513 5448 5130 5239 5421 5223 5382 5671 5507 5214 5186 5494 5418 6175 5803 5667 5673 5482 5467 12642 9627 6467 5445 5716 5463 5739 6005 5764 5784 5824 5803 5803 5832 5867 7206 5632 5925 6343 5647 5598 6523 5610 5638 7363 5870 7895 6253 5853 
6
501
0 :  0 3 5 7 8 10 12 14 16 19 20 22 24 26 28 30 32 37 36 38 40 42 44 46 62 50 52 54 56 58 59 77 64 66 68 70 72 74 76 90 74 81 83 93 86 85 84 92 109 98 99 140 112 106 138 129 111 113 115 117 120 112 140 124 127 128 130 133 149 137 138 141 132 139 152 176 156 153 217 171 158 166 213 215 225 234 170 172 174 176 178 207 181 169 195 187 190 191 194 196 197 199 202 203 207 208 212 249 213 215 218 219 233 224 241 226 229 232 233 235 238 260 249 243 245 247 249 265 252 332 257 259 253 301 301 267 280 272 305 287 276 278 281 395 381 375 379 291 291 295 296 300 300 302 302 306 308 309 312 313 314 317 381 321 301 326 392 394 332 334 335 369 340 342 383 347 347 348 352 353 330 333 392 361 364 365 377 369 370 388 372 375 393 380 355 385 387 389 391 395 392 412 399 403 530 477 404 406 409 425 414 417 418 581 585 625 561 559 588 402 435 437 441 459 411 513 531 575 535 452 455 455 457 428 463 463 521 510 503 472 630 660 492 479 481 504 509 487 456 479 493 520 473 499 501 490 497 535 577 561 529 562 542 616 619 631 764 754 754 814 801 895 525 542 543 606 565 562 553 551 610 589 558 562 561 565 565 527 570 570 573 594 577 580 599 591 586 587 609 593 592 596 597 598 560 647 607 639 608 643 612 615 617 619 621 622 638 627 632 630 658 665 636 761 763 803 645 646 648 684 655 655 659 658 663 761 630 665 670 724 777 805 805 803 713 635 700 686 907 911 1029 697 697 717 701 703 658 824 712 715 715 729 772 718 903 904 902 753 728 727 734 848 770 749 735 738 756 744 745 744 781 752 754 756 775 764 757 759 941 898 876 775 720 793 779 784 784 775 795 790 790 820 797 796 799 752 826 804 807 811 841 825 811 814 819 837 821 824 824 860 827 826 846 776 815 839 840 843 861 967 788 1326 918 853 857 857 860 878 865 862 952 942 878 902 875 879 882 819 916 895 888 890 915 892 916 1012 902 915 943 903 907 910 953 913 913 945 918 939 938 925 924 1136 931 947 933 1179 943 940 1227 872 997 967 955 1061 959 1098 1290 1144 966 1031 968 973 1103 979 955 1185 1799 1167 981 986 986 
1 :  0 2 5 7 9 10 12 15 16 18 20 22 24 26 28 30 32 34 36 37 40 42 43 45 47 52 59 50 63 65 74 77 79 82 68 69 71 73 75 77 79 81 83 84 87 102 102 86 95 126 99 100 104 105 107 101 110 112 114 116 118 120 122 124 126 128 120 132 134 136 139 140 142 144 147 137 140 152 154 156 158 159 162 162 165 168 170 218 167 176 178 180 206 185 185 229 188 192 194 195 198 246 202 204 206 208 210 213 200 215 216 220 222 223 261 227 230 232 233 236 236 279 240 243 245 246 249 251 273 244 256 276 261 263 273 266 258 287 272 274 287 276 277 283 282 290 287 289 299 295 313 297 300 302 293 304 319 310 314 313 329 317 296 336 324 326 341 319 334 334 349 324 371 353 342 320 363 349 488 400 409 357 428 430 407 364 379 417 486 486 471 470 523 525 531 531 602 605 389 391 390 449 411 448 402 405 461 460 391 543 573 548 556 420 422 424 427 428 432 430 494 438 440 442 652 474 462 509 449 451 452 457 457 459 461 463 432 467 470 469 473 473 516 477 479 510 484 485 490 505 534 494 511 499 501 489 503 501 553 598 603 515 515 481 533 522 522 488 525 530 530 530 662 537 540 543 544 547 563 549 567 553 554 555 539 540 669 672 672 567 570 572 531 576 607 584 583 584 585 587 588 624 552 596 597 600 599 601 605 598 604 587 567 614 616 578 638 667 688 722 718 630 698 637 801 805 826 1272 873 768 650 666 658 672 660 657 830 832 832 926 767 695 674 692 808 702 744 685 664 643 695 695 779 704 786 699 702 704 788 730 710 710 713 715 717 719 719 671 723 725 732 829 750 732 737 738 766 772 744 749 749 750 769 753 757 759 795 763 790 860 707 812 894 841 772 922 927 966 934 784 804 794 757 796 814 801 819 801 908 767 820 828 830 813 812 818 865 822 825 826 827 976 847 831 774 836 838 857 841 844 786 836 978 855 794 1015 1017 1073 860 906 906 871 812 877 923 930 881 880 893 864 885 890 948 890 1081 1304 1077 904 940 909 1088 1119 1086 913 919 933 946 921 921 923 861 940 985 933 934 938 941 906 1253 1013 966 974 952 1196 953 949 885 964 921 967 965 1386 1185 1018 980 973 979 975 1026 1009 984 
2 :  0 2 4 7 8 10 16 15 20 17 25 26 28 31 33 35 40 42 45 47 55 58 60 54 57 59 61 53 55 57 60 62 64 65 67 69 71 73 70 77 85 81 84 85 88 89 92 93 95 141 99 100 102 105 106 108 110 113 115 144 161 121 114 124 127 153 155 174 134 136 138 141 142 144 146 149 150 200 156 158 158 175 162 159 185 190 192 160 174 220 222 225 227 256 279 323 263 240 242 245 246 199 228 203 205 208 210 212 215 216 219 220 223 246 226 213 290 230 233 236 236 239 300 302 305 307 250 250 254 254 256 240 260 263 264 318 267 270 271 274 276 324 279 281 283 285 287 288 291 292 295 296 299 299 302 283 307 308 311 312 316 317 318 423 323 369 371 329 415 396 398 429 396 340 342 384 347 350 349 353 355 357 360 361 364 364 367 369 371 346 375 481 378 380 449 370 420 403 362 393 393 395 398 398 401 437 390 406 429 409 398 387 419 421 423 393 442 532 430 432 433 434 436 437 441 443 449 470 416 452 453 456 553 526 632 481 464 465 496 473 472 457 534 478 535 495 487 485 489 524 495 495 496 500 500 505 540 509 508 500 532 513 517 536 534 523 524 524 528 552 532 532 538 539 540 503 560 544 544 549 573 573 558 557 592 585 566 565 584 570 573 534 604 576 578 580 583 585 586 616 589 591 594 595 704 558 591 673 729 736 727 618 639 631 617 577 639 624 625 629 628 788 634 652 636 646 644 646 651 1225 924 685 654 608 674 659 733 618 832 820 795 718 696 721 782 822 851 813 817 818 690 707 697 694 696 726 699 704 705 712 708 711 715 733 717 717 720 762 928 729 731 680 731 749 856 837 741 703 724 746 750 698 753 778 841 1060 928 856 876 780 1067 791 743 796 876 810 795 725 1152 787 731 791 794 794 796 815 893 918 801 1116 876 849 829 807 813 816 834 986 765 939 1036 1037 1047 1117 836 822 837 840 961 844 858 847 992 851 854 937 868 880 863 1288 834 870 970 1007 910 876 915 890 930 880 923 896 886 857 885 877 895 897 976 928 907 933 909 911 914 945 975 917 923 919 924 918 960 927 931 935 935 968 941 952 948 881 948 999 952 956 958 933 972 1044 1017 963 962 972 972 995 977 1239 983 1017 984 
3 :  0 4 5 7 10 12 13 15 16 19 22 23 25 28 29 32 33 32 37 55 41 44 45 47 49 52 53 55 57 59 61 63 66 82 70 71 74 75 78 76 85 83 89 87 89 138 93 95 97 99 101 103 105 107 108 111 112 114 117 119 120 113 125 130 128 131 132 135 137 139 140 142 145 147 148 158 153 155 157 158 186 165 165 166 168 159 161 357 491 372 180 184 185 204 262 251 253 256 212 198 200 202 204 232 209 209 244 214 216 233 221 223 225 226 228 229 232 269 234 220 239 242 243 246 247 232 252 253 292 257 260 285 264 266 268 269 270 272 257 306 280 282 284 287 288 290 324 293 296 298 301 365 306 305 308 364 338 314 358 361 411 402 405 406 428 446 414 333 335 416 337 373 372 364 398 348 349 328 355 356 359 447 352 392 366 370 345 372 374 376 429 378 381 383 385 387 389 391 394 394 397 401 403 405 408 409 411 447 415 417 419 422 392 425 427 429 429 432 434 437 440 441 443 445 467 504 452 457 447 459 497 461 461 464 465 520 470 473 492 477 479 523 481 483 484 492 490 490 566 498 510 465 502 467 508 544 510 476 534 517 517 574 590 521 629 632 595 537 537 539 543 550 548 549 549 556 554 557 575 560 548 564 565 569 616 588 573 554 574 629 577 581 623 586 589 572 625 588 596 861 715 713 752 719 840 651 612 614 675 617 619 621 649 625 629 603 584 630 632 590 655 639 645 601 660 666 614 652 653 654 662 661 674 665 661 665 775 667 698 674 697 677 814 690 738 635 701 689 646 696 743 702 703 700 924 887 923 1028 935 937 939 665 740 724 861 864 865 730 730 733 735 733 767 740 742 744 765 749 749 801 754 783 758 752 762 709 769 770 811 842 776 809 781 954 783 757 805 822 791 792 739 819 764 886 805 911 817 1084 1092 978 822 849 853 823 913 884 851 813 835 832 831 851 836 851 839 849 1007 1007 850 860 851 1065 1067 1066 856 860 835 876 865 870 1061 883 877 972 1075 1058 1058 1058 940 893 929 914 894 835 1248 1283 904 854 908 929 914 916 918 857 931 934 1017 928 929 965 947 934 933 965 1121 1113 982 945 947 931 931 939 971 1537 1195 1199 1048 961 946 969 969 1031 975 941 997 1053 987 922 989 993 982 
4 :  0 2 4 6 8 11 16 14 16 18 20 22 24 26 28 30 32 34 39 39 40 69 54 56 59 47 56 54 58 69 71 73 75 90 99 102 105 74 75 105 79 81 118 97 91 141 109 111 113 127 130 132 135 105 107 108 111 112 118 133 119 112 123 124 127 129 136 133 135 152 138 140 141 169 147 149 151 152 156 156 159 161 183 165 211 167 169 172 173 175 177 180 185 184 210 188 190 192 180 234 198 200 235 237 256 261 262 354 299 299 273 262 265 312 314 317 259 264 234 256 220 274 241 235 309 311 313 286 253 255 249 241 261 324 266 268 270 254 275 277 295 280 284 285 285 286 290 292 294 296 319 314 362 362 305 335 298 299 291 341 323 320 322 323 327 346 329 330 333 334 337 348 340 342 342 346 348 349 351 355 355 357 359 361 362 365 376 368 371 374 374 377 352 436 382 386 387 387 390 393 396 396 369 399 410 403 405 408 408 410 413 416 419 390 445 475 426 510 513 551 452 436 436 456 441 444 474 447 450 452 453 502 463 471 459 460 578 472 452 471 659 659 661 545 516 481 485 606 580 489 501 494 497 520 501 503 505 507 526 510 514 555 510 519 579 524 525 656 558 566 532 534 535 537 539 541 567 545 547 576 552 549 551 557 558 567 746 567 607 539 603 577 576 576 579 584 585 603 591 589 593 592 598 598 600 583 601 686 757 759 762 867 876 687 741 578 642 626 629 628 700 588 686 635 637 816 808 751 598 731 647 650 651 638 658 611 662 678 664 663 735 670 674 677 679 708 682 684 687 729 692 738 862 694 685 699 700 924 707 710 707 709 713 730 717 719 669 749 724 727 730 869 871 874 751 737 743 742 760 746 749 750 767 757 1247 795 759 792 764 766 768 785 772 773 1004 779 781 781 782 785 808 805 735 793 794 838 799 800 806 748 820 810 803 813 829 816 819 817 823 861 827 830 829 830 851 838 855 852 818 862 849 848 903 920 820 854 860 862 866 887 980 892 882 871 845 813 889 877 880 1029 885 905 909 986 924 917 896 899 899 837 1042 1047 1021 970 938 912 1044 916 856 928 1157 945 942 864 932 934 960 992 888 944 991 920 883 1179 975 980 954 1137 1149 1146 973 966 965 1002 937 974 976 982 981 996 984 
5 :  0 2 4 7 8 11 12 15 16 18 20 22 24 26 28 30 32 34 36 38 40 47 43 57 60 61 48 53 51 58 59 61 63 65 63 64 72 76 75 81 79 81 82 79 87 88 88 93 99 96 98 100 102 104 102 113 110 112 115 122 135 120 117 127 127 123 180 132 134 136 128 140 142 144 146 157 150 152 175 156 158 183 151 158 189 168 193 172 174 182 178 213 182 190 184 241 189 191 200 195 224 198 201 203 256 216 208 211 213 199 246 237 204 223 280 300 301 305 306 326 329 332 260 275 245 419 392 363 252 293 337 339 344 382 458 442 352 354 375 318 276 276 279 282 283 370 288 330 292 293 297 297 301 359 360 362 405 309 312 313 359 295 364 367 373 369 352 329 332 364 336 384 386 370 367 344 394 348 398 352 355 333 494 361 379 362 367 371 515 381 373 456 492 466 386 387 387 390 393 394 397 400 401 408 405 407 408 410 412 413 416 418 436 422 426 439 428 431 431 468 495 451 458 702 444 446 448 552 534 593 457 487 459 461 528 464 521 465 470 470 439 473 512 479 478 478 481 638 666 489 491 496 496 497 500 498 500 504 525 510 511 512 515 575 508 535 522 525 527 526 529 533 549 534 542 569 583 553 547 702 550 658 554 558 535 581 640 567 567 569 569 571 576 578 581 582 608 601 587 590 609 593 596 597 635 600 602 604 622 610 611 598 650 615 664 620 620 1148 1578 1576 620 586 593 857 843 842 867 870 696 647 651 652 675 657 610 661 661 674 699 795 796 803 821 826 808 678 683 685 688 855 858 876 698 699 723 703 706 707 728 709 711 711 746 716 718 718 755 724 724 898 730 734 893 751 737 783 741 721 745 697 746 762 840 852 699 704 902 913 1140 1129 1132 1132 774 850 769 929 929 974 1000 999 819 753 787 792 793 796 795 798 800 855 983 955 1015 815 855 784 821 826 765 827 824 826 831 834 925 841 847 847 846 935 850 848 851 858 881 860 862 888 861 876 1049 1053 1094 1108 1157 1175 1245 1317 1102 1113 1171 1057 889 894 895 898 914 903 907 875 909 941 931 919 890 918 921 963 946 927 932 957 930 943 939 963 1071 876 937 940 961 970 1009 956 955 956 892 982 959 963 1072 967 960 979 974 976 979 980 1005 1001 986 
21
 4.000000e-06 4.000000e-06 4.000000e-06 2.500000e-05 5.600000e-05 9.300000e-05 1.420000e-04 2.640000e-04 4.760000e-04 7.020000e-04 1.197000e-03 2.021000e-03 2.372000e-03 4.377000e-03 6.282000e-03 1.061500e-02 1.685200e-02 2.836600e-02 4.576300e-02 7.661200e-02 1.193160e-01 
