 
101
 1 264 256 307 563 485 573 655 608 864 659 890 739 983 689 689 845 800 850 916 893 1044 1371 1453 2251 1183 1120 1152 1186 1317 1136 1135 1200 1191 1298 1633 4894 1049 1180 1109 1332 1367 1377 1557 1729 1724 1898 1865 1966 1503 1360 1609 2991 1763 1788 1685 1926 1837 1902 2280 3857 1861 1877 2068 2204 2301 3174 1968 1961 2298 1856 1760 2143 2128 2051 2012 2101 2238 1941 2179 2183 2281 5050 2526 2688 2706 2448 2739 2747 2691 2727 3350 2657 2612 3011 2915 3932 3394 3227 2695 2789 
101
 1 144 186 308 469 294 499 442 574 752 737 782 858 955 955 1337 1506 1447 1383 1256 1410 1325 1524 1790 1829 1755 1782 1635 3395 2137 2226 2613 2807 2211 2375 2943 3100 3123 2024 1947 2368 2132 2194 2735 3051 3155 3108 2944 3076 3866 3566 3642 3972 4184 3756 3665 3507 3824 4511 3589 3553 4103 3908 3538 7040 3518 7605 4470 4085 3889 4627 6299 5770 5555 5572 6512 5353 5341 5622 4647 4519 5473 5460 6782 5035 5691 6332 5033 5186 6225 6699 5276 5700 6219 5784 6996 6019 7626 10519 4769 5500 
101
 0 240 241 276 249 293 312 311 327 377 361 401 462 546 495 609 983 632 682 562 625 939 799 728 678 748 845 882 893 921 854 1240 1053 1267 1340 1493 1222 1246 1584 1286 1401 1948 1861 1796 1141 1208 1719 1621 1298 1590 1634 1955 1630 1633 1385 1696 2101 1749 1698 1647 1554 2300 1978 1855 2104 2197 1995 4040 1883 1810 1769 2139 1824 1850 2537 1888 1953 1904 2115 1977 2664 2068 2239 2769 3279 2744 2331 2358 2309 3134 2387 2365 4456 2830 2415 2573 2417 3377 2748 8074 2799 
6
501
0 :  0 6 6 6 7 7 8 9 9 11 12 12 13 13 13 16 15 15 20 17 22 23 24 25 26 27 23 22 23 24 26 26 27 27 33 33 35 35 30 31 32 35 33 41 44 44 37 37 37 38 38 39 40 41 41 42 42 44 45 45 45 46 48 47 48 49 49 59 54 48 53 69 61 54 55 56 71 72 59 59 60 62 61 64 62 63 64 65 65 66 66 68 67 69 69 70 91 82 72 73 73 75 75 75 76 77 77 78 79 80 81 81 82 83 116 84 85 86 86 90 88 106 92 89 94 90 121 121 121 94 95 95 100 118 91 98 98 118 118 120 115 103 103 102 105 154 105 107 106 107 108 109 110 149 134 172 112 113 113 115 115 116 116 118 118 118 120 121 120 123 122 123 123 124 124 135 127 127 127 128 129 130 131 169 132 132 134 133 143 136 189 138 138 137 147 140 156 191 140 176 177 226 209 205 194 145 147 165 149 158 178 179 170 169 153 164 153 155 177 178 157 158 159 181 159 160 160 161 163 194 170 165 165 159 165 167 167 168 170 169 171 171 201 173 196 192 175 175 164 221 186 204 180 229 181 181 201 180 183 185 182 184 193 186 186 187 188 189 190 191 193 192 192 193 194 204 195 195 225 197 227 200 277 218 201 201 202 221 247 204 197 269 269 271 260 260 298 262 240 212 211 244 213 240 214 214 216 218 218 203 217 219 220 222 223 222 224 224 224 225 225 212 227 258 268 248 285 275 273 278 276 232 234 267 268 220 238 238 239 240 240 241 224 242 244 245 244 227 246 247 248 270 248 252 270 250 232 250 253 252 254 255 272 257 255 257 258 240 259 260 309 261 300 281 376 266 265 264 360 268 268 266 268 271 272 272 271 273 273 275 275 276 273 256 259 312 1293 496 501 501 284 283 284 284 285 285 286 286 287 290 327 320 347 346 348 348 295 307 295 294 302 298 276 298 300 300 302 299 303 301 303 305 303 305 307 308 350 309 308 310 351 381 324 391 388 392 392 435 316 315 315 318 337 319 319 320 320 329 332 366 352 330 323 327 425 408 406 541 306 329 333 332 332 332 348 333 364 336 336 338 339 336 337 340 340 342 342 357 343 342 346 344 345 346 348 437 365 367 364 483 409 
1 :  61 77 86 77 92 72 109 91 83 63 80 65 95 68 67 82 104 93 101 111 74 104 1022 99 100 80 76 94 95 78 174 78 104 80 106 82 76 128 130 114 108 125 112 105 100 130 128 108 98 121 117 102 108 156 126 123 134 124 119 147 146 146 158 153 146 109 130 102 108 134 172 103 130 158 122 134 125 112 122 139 141 157 143 161 116 143 146 145 119 123 120 152 124 117 150 118 179 151 156 165 128 142 384 141 153 177 127 157 161 134 159 163 134 181 139 132 140 166 166 145 161 181 192 163 169 147 142 148 185 202 192 186 195 209 190 191 204 177 260 165 152 202 207 196 184 186 205 196 190 214 210 253 218 225 222 261 166 195 201 221 253 297 201 177 170 173 187 220 243 216 223 176 246 194 178 179 205 180 225 214 211 259 232 229 252 185 211 210 189 190 189 215 227 191 220 192 284 220 219 234 236 209 211 196 274 280 312 256 770 234 231 230 235 250 221 228 234 214 234 234 257 225 230 210 213 238 268 242 259 421 253 278 298 284 295 293 328 313 372 353 326 322 317 354 390 314 323 254 258 265 249 261 234 235 259 284 276 274 248 255 233 357 281 283 240 242 312 248 276 247 250 307 251 276 319 274 266 292 251 316 332 333 364 257 269 282 270 275 282 312 340 323 328 306 264 427 291 263 299 267 268 338 359 361 348 502 358 333 352 344 397 378 406 337 346 343 373 329 371 332 394 398 408 415 430 434 490 421 349 301 283 314 333 326 292 293 331 297 294 295 295 293 322 315 302 316 353 330 329 318 327 332 298 302 298 365 380 432 344 307 371 324 333 337 349 349 340 338 337 340 364 345 342 332 334 323 355 323 319 330 570 321 320 422 400 427 392 422 420 418 420 431 418 549 375 365 382 359 370 362 422 425 401 336 365 385 342 342 367 343 339 371 341 369 398 421 409 423 463 424 419 463 365 380 376 511 457 428 434 457 466 380 383 359 358 417 361 399 386 420 410 388 423 368 427 369 380 386 364 384 397 411 369 397 371 388 396 384 378 382 394 579 417 374 580 447 380 471 486 482 502 388 413 466 436 404 385 417 540 579 633 575 613 614 411 397 422 438 401 429 422 514 563 532 555 577 584 544 541 542 601 
2 :  92 73 108 82 79 108 98 110 105 106 233 341 84 110 89 114 83 96 89 130 142 156 395 117 127 117 150 142 139 115 123 110 104 140 139 131 143 169 121 130 140 140 140 172 145 154 138 165 165 167 156 146 137 160 161 178 192 185 170 201 158 178 183 147 139 157 154 165 142 166 144 177 152 160 160 182 189 180 200 198 204 222 235 243 231 246 262 184 164 221 190 203 202 228 602 223 226 202 212 221 238 250 298 294 277 226 216 185 199 253 259 244 260 263 269 234 193 210 203 229 244 223 204 357 238 251 241 300 301 287 234 213 208 222 218 251 271 247 246 235 235 265 262 272 279 272 267 283 295 292 283 293 303 315 303 285 460 283 288 291 1736 959 266 268 302 308 331 412 327 349 346 355 353 330 320 3258 663 268 313 314 327 350 384 351 391 378 393 367 363 369 355 336 337 364 572 388 392 359 339 404 401 399 415 409 458 464 370 364 726 421 444 325 304 346 301 368 369 354 417 399 418 377 309 364 352 411 450 370 437 457 432 359 326 367 392 393 585 400 409 405 419 435 406 412 397 733 413 485 401 409 415 417 496 499 496 501 503 536 489 416 370 351 391 418 430 440 431 432 479 485 494 490 376 482 368 365 370 425 383 438 467 475 531 551 577 605 593 610 549 566 549 488 505 517 527 588 577 653 1272 569 461 397 447 438 496 532 506 508 521 504 507 499 616 589 602 608 622 507 495 509 626 571 611 497 508 431 892 437 475 450 541 541 528 581 586 619 597 587 595 594 613 560 581 580 617 633 593 648 630 598 518 488 499 588 1008 601 609 625 599 509 468 547 565 560 563 542 486 531 497 561 575 562 639 670 696 559 482 515 511 498 489 558 496 587 510 523 833 544 556 676 600 589 666 657 662 667 649 664 622 590 548 924 633 629 611 695 699 675 637 622 620 686 708 698 642 651 3198 3449 554 598 642 684 696 705 745 746 747 866 673 654 716 763 773 773 802 806 750 728 747 809 1240 664 662 671 745 750 730 748 744 1987 1389 651 666 656 573 902 674 592 680 583 647 581 634 580 657 588 603 653 707 730 723 934 712 703 765 744 734 768 922 634 693 756 753 749 713 706 744 714 733 753 708 633 624 611 734 701 630 636 617 771 731 
3 :  133 102 115 112 131 123 118 124 168 138 156 135 141 146 140 168 231 158 193 165 116 113 156 130 176 148 177 153 175 161 178 239 180 499 164 169 234 188 182 179 184 206 193 241 197 203 219 450 195 201 215 636 235 232 195 219 162 149 240 659 1233 204 248 222 224 288 269 333 760 621 207 279 203 279 208 249 170 463 228 290 309 231 244 439 246 189 204 267 215 358 286 257 253 190 206 209 328 237 240 327 246 332 249 351 246 460 337 205 306 220 326 221 294 211 299 219 349 225 216 380 222 230 359 229 314 268 275 381 294 429 293 408 293 418 297 423 278 279 281 349 249 287 272 349 248 446 400 715 313 463 307 445 542 316 444 314 490 348 343 346 504 353 607 274 377 291 443 274 444 482 337 332 345 401 390 572 382 549 449 544 369 582 874 601 610 382 584 348 516 358 388 546 431 640 412 597 424 642 551 529 519 339 569 616 410 544 325 363 551 318 396 391 383 364 559 332 557 328 482 336 331 550 331 553 338 577 433 628 406 610 409 471 552 346 587 364 450 353 605 357 600 363 637 362 374 375 534 381 615 2035 3296 385 387 383 443 597 379 614 441 687 454 410 378 386 650 736 483 764 778 616 542 1014 892 813 541 676 407 648 411 493 763 605 678 401 452 802 730 482 494 749 483 492 782 504 803 523 788 517 770 494 782 563 871 562 741 443 727 442 782 510 830 574 861 543 846 622 824 554 849 554 733 449 789 536 823 534 566 563 529 563 892 902 711 576 866 576 1014 678 691 1449 490 479 500 534 755 464 476 491 472 519 797 570 895 598 531 826 500 764 585 952 648 642 1524 920 586 908 650 671 590 595 613 622 639 742 614 644 878 671 682 649 741 657 983 812 901 530 622 612 769 588 866 572 1771 1358 669 1007 658 1119 755 704 1002 643 667 544 545 649 898 542 844 574 549 568 1137 541 911 559 1105 847 548 601 641 554 932 569 884 566 871 566 1027 593 869 647 611 888 572 670 1036 567 1106 1401 918 842 1083 713 1111 1050 777 798 1052 583 1028 700 705 705 628 589 1014 1150 1099 905 731 1267 839 728 720 1128 854 1295 1287 759 1188 772 636 961 631 684 1113 614 961 620 960 631 711 971 625 713 1127 982 614 718 1105 750 3149 2838 656 642 673 1042 733 1170 755 
4 :  167 142 141 152 140 145 146 151 150 149 157 148 138 122 124 142 160 172 138 204 199 153 169 240 189 339 202 193 182 197 233 184 873 174 199 214 224 241 223 244 233 299 233 218 207 241 229 262 241 292 289 254 262 249 243 223 460 303 297 288 300 316 299 275 276 277 271 343 318 303 308 326 314 319 315 1400 264 274 294 363 327 327 352 833 353 365 695 400 380 360 401 394 399 466 413 438 367 517 349 402 372 358 433 472 501 374 454 381 391 377 456 610 497 435 369 391 601 386 585 343 528 347 498 351 369 337 363 633 476 854 428 676 418 384 394 334 469 342 356 343 360 384 387 652 457 1312 514 555 552 521 866 505 515 386 474 464 494 500 979 560 633 595 918 439 460 433 467 513 820 500 511 812 531 912 540 493 487 491 564 545 549 553 630 556 648 925 601 607 1048 478 656 569 590 619 592 600 570 565 570 624 480 948 473 478 491 477 484 555 1291 1543 817 510 817 502 893 589 948 925 527 793 510 963 745 590 671 668 692 693 709 924 748 697 678 643 623 604 609 536 667 673 713 722 791 778 738 748 1392 764 706 756 750 753 749 1214 728 719 726 1047 571 649 592 704 645 688 687 700 720 740 716 685 703 613 705 712 1215 763 1569 639 652 624 812 781 1476 1116 952 802 818 802 904 754 894 845 1005 875 960 813 951 900 1076 913 1228 677 901 862 1035 875 982 830 923 935 992 824 1414 670 1222 705 1399 836 889 1407 838 872 847 881 920 927 1500 992 979 1014 3427 858 855 851 718 860 804 1088 903 1127 1004 1155 946 1089 939 1116 943 1242 955 955 996 1049 1020 942 944 1074 1178 955 1264 1076 1032 1021 1033 1141 1350 1084 1041 865 770 839 1610 991 1027 1141 1137 1179 985 1197 976 1104 801 1139 1045 963 971 935 882 806 837 1208 984 967 1010 1042 1305 1148 1146 1316 1269 1115 1518 1110 962 848 872 915 1104 1135 1135 1045 1032 913 996 926 1001 1005 1029 1159 1182 956 852 862 878 859 939 1056 1273 1065 1060 1034 1225 1244 1972 1140 1096 1835 1096 1243 893 1018 896 884 1263 1003 917 974 2750 1290 929 1194 985 1110 1988 1095 1103 1022 980 1152 1129 1102 1155 1446 1227 1280 1295 1252 1249 1134 1143 1195 1268 1271 1569 1431 1220 1227 1484 1141 1150 1223 1534 1295 1315 1553 974 974 1005 992 1022 1062 978 1112 1023 1058 1027 1042 1100 1030 1026 1230 1231 
5 :  327 208 203 165 167 164 194 171 142 204 198 215 208 205 185 176 208 172 189 208 227 194 223 234 216 206 3196 291 305 253 412 199 265 321 330 206 221 210 630 278 246 256 281 313 356 369 297 301 298 371 307 308 462 322 444 343 360 235 368 302 320 655 307 411 317 344 406 281 275 311 305 408 319 444 327 762 1320 594 394 260 326 318 590 401 398 367 376 547 403 415 542 388 532 379 395 414 491 393 500 417 641 455 500 321 371 860 405 611 396 351 386 382 602 396 405 681 448 447 681 453 1326 458 711 473 712 368 663 433 443 435 722 441 728 526 530 532 447 763 419 1030 483 786 507 529 529 557 569 569 651 615 708 503 759 730 897 516 906 513 879 842 1061 430 474 451 646 503 505 440 730 573 506 536 503 465 821 471 808 1243 836 635 536 721 467 857 489 710 467 480 603 475 575 855 567 993 577 585 989 663 672 1100 500 852 497 993 535 760 507 522 552 817 970 662 545 998 529 558 761 634 722 1093 909 728 1305 548 596 552 945 649 1008 639 2445 3282 572 864 565 903 570 647 1037 589 1009 672 1121 673 986 578 1294 622 615 1135 629 1226 711 752 1303 748 1395 789 1393 795 1526 744 1323 1152 861 850 803 873 1153 736 779 1395 789 808 807 794 885 880 895 896 915 950 936 803 1052 845 976 1433 916 668 1163 668 1093 674 1202 684 1040 674 680 1223 1383 811 1059 1180 1813 1988 1309 702 773 1163 862 1083 697 727 1433 1209 903 1050 1174 1308 1234 1435 1081 1107 1061 1746 865 1583 949 1601 984 1312 887 887 1239 996 925 785 884 832 1226 1636 1747 994 1060 1088 1129 1113 1135 1928 921 1074 1253 1212 1144 907 1070 1442 956 1021 1280 785 1271 806 1075 1512 946 1132 1117 1165 1148 1249 1770 1117 2093 1215 819 1462 926 1398 824 1327 833 1053 1715 842 847 1245 838 1422 1388 1009 997 1938 1005 1004 1044 896 1690 871 983 932 1537 878 1424 864 1194 2220 917 1092 1437 1025 1505 929 1624 1123 1475 1132 1527 955 1873 1116 2140 1129 1195 1426 923 1860 1990 1356 1861 1108 1531 1077 1595 1085 1130 1805 1737 948 1119 1107 1682 1099 1115 1837 1855 2001 1190 1158 1121 1224 1162 1711 1150 1255 1401 1379 1160 1163 1207 1375 1904 1395 1206 1980 1465 1353 2531 1315 1238 1842 988 1025 1031 1025 1244 1396 1592 1215 2231 1008 1940 1111 2272 1235 1311 1378 1199 1426 1496 1997 1440 2159 1568 1253 1307 1426 1240 1431 1358 
6
501
0 :  1 5 5 6 6 9 11 12 12 13 11 12 12 15 13 15 15 16 16 17 17 19 18 20 21 21 22 22 31 24 28 28 29 27 36 37 39 43 44 46 36 32 33 33 34 35 36 36 38 44 46 47 50 50 51 52 42 40 55 45 45 48 47 49 82 50 52 57 77 52 53 53 53 51 55 56 56 53 54 56 59 60 64 61 84 63 75 76 65 65 61 67 68 69 68 69 70 80 72 73 73 74 74 75 76 80 72 81 73 79 80 80 79 90 82 83 83 103 85 86 86 87 89 89 90 90 91 91 92 93 93 94 96 96 97 98 98 123 123 126 100 101 120 103 104 104 106 106 107 107 108 108 109 120 102 126 140 141 162 141 150 161 161 116 118 119 118 166 119 120 120 123 122 124 124 166 125 127 129 129 146 170 130 130 183 132 132 134 135 136 137 151 149 172 173 173 175 196 219 154 143 186 149 163 165 136 147 146 169 170 170 188 189 189 196 153 152 155 150 155 158 209 157 159 159 228 190 191 194 259 227 163 165 165 205 209 190 168 192 170 194 158 214 204 206 208 209 207 546 421 402 204 178 204 205 190 181 187 199 229 230 231 192 186 187 205 174 188 188 191 191 191 193 194 193 195 196 195 196 184 198 199 219 210 210 200 252 203 208 191 205 206 204 208 236 261 263 263 211 220 196 213 213 199 216 215 200 217 218 217 218 221 238 221 222 253 222 224 225 226 224 228 227 228 229 236 213 231 232 232 233 234 234 218 219 236 281 238 239 239 240 223 240 242 243 243 244 279 245 246 279 264 249 381 296 299 250 252 251 252 254 256 255 256 255 257 256 258 260 261 296 297 261 244 245 265 266 262 266 266 269 268 270 270 270 303 271 271 289 275 274 292 335 275 278 278 346 349 281 302 287 262 304 286 284 397 285 287 288 300 288 289 312 290 271 291 293 293 331 321 297 309 387 407 393 394 298 299 342 339 301 300 330 303 422 433 421 308 338 308 310 307 347 311 313 324 355 313 414 443 417 318 318 335 319 320 310 321 322 323 361 322 343 346 326 323 303 328 329 328 331 332 330 330 335 311 335 335 312 337 337 339 362 341 339 374 339 340 319 343 345 344 344 347 346 346 349 348 350 347 353 
1 :  0 4 5 7 18 17 19 10 11 13 13 14 15 16 14 23 17 16 21 22 23 23 25 28 27 29 34 26 32 25 26 30 31 32 37 37 38 35 37 37 39 46 47 48 51 53 47 48 51 44 52 55 59 47 62 42 51 45 44 53 50 59 58 59 60 68 69 70 80 83 83 61 54 55 63 56 64 65 58 59 60 61 69 76 78 82 88 89 129 103 83 83 84 99 103 102 113 93 95 122 113 116 108 111 112 106 107 108 109 110 111 119 121 121 121 124 88 97 98 88 109 110 110 106 108 108 110 104 86 94 101 108 102 109 122 122 123 123 147 147 133 135 134 143 143 188 156 156 156 122 108 115 116 146 146 147 148 147 166 170 160 161 162 195 164 165 165 178 178 178 190 152 154 155 129 143 143 186 188 190 191 179 181 182 243 150 139 139 172 169 230 171 172 181 204 204 207 205 142 144 143 146 181 165 147 159 147 150 149 184 207 179 202 180 182 226 167 155 155 146 157 157 147 198 198 200 169 161 208 169 205 206 206 230 233 232 192 168 171 194 218 203 205 225 229 230 251 244 210 210 210 213 261 265 264 181 180 183 183 185 185 199 186 296 187 214 235 237 237 192 192 218 191 194 192 222 244 246 246 355 288 292 291 314 312 316 362 352 320 320 413 209 208 210 204 249 276 251 292 313 313 312 280 282 283 284 285 319 321 319 304 305 306 368 357 257 220 222 280 285 282 267 271 351 290 272 274 303 301 303 326 325 353 322 389 269 237 239 237 239 240 242 242 242 243 244 245 244 297 278 249 282 248 311 314 312 373 587 350 326 302 300 305 378 340 337 339 280 260 261 261 371 366 272 288 306 256 475 350 447 334 334 337 442 423 424 499 488 532 529 381 363 376 480 428 410 408 409 322 297 283 282 372 374 375 419 421 395 396 401 395 402 399 404 406 402 404 406 432 523 579 554 337 297 338 298 414 419 480 420 420 341 293 319 425 405 361 386 366 368 366 428 405 411 410 434 434 437 415 460 533 314 316 305 305 334 319 310 349 332 309 324 323 325 325 425 372 365 330 347 434 375 320 351 335 464 464 417 416 419 422 420 404 374 338 341 388 408 406 407 423 455 455 455 480 480 345 350 336 387 440 
2 :  1 5 7 8 8 10 11 12 15 20 12 12 14 23 16 17 19 21 22 24 28 28 28 31 29 33 34 35 39 40 42 40 41 42 43 45 29 38 30 39 39 41 43 44 46 40 37 36 38 37 46 47 47 51 52 61 68 64 55 56 58 68 69 71 49 48 60 50 66 59 59 70 70 71 72 74 83 83 73 73 74 159 72 61 62 63 64 85 65 74 62 76 161 69 82 83 83 84 86 87 101 103 97 99 99 112 110 108 110 253 118 96 97 98 99 116 117 117 119 120 156 138 117 117 125 141 127 110 110 110 146 139 125 126 128 128 136 136 146 148 149 116 102 121 103 129 132 131 148 149 150 151 170 192 180 175 133 134 135 136 151 154 145 181 148 186 215 185 130 156 121 122 171 154 156 162 175 177 168 169 170 131 131 166 172 175 174 197 196 198 262 229 190 192 192 205 214 194 185 161 142 139 144 190 192 191 193 203 204 232 312 200 154 158 152 191 192 193 203 215 221 206 207 266 181 161 162 161 194 193 253 206 195 196 198 196 200 248 246 265 267 230 214 215 270 269 272 271 220 220 221 278 279 263 317 191 379 202 182 230 238 229 257 259 260 294 259 264 262 297 317 318 391 324 305 287 287 289 246 265 198 199 218 199 200 202 188 219 230 207 301 270 271 287 288 288 309 309 312 312 312 330 368 356 315 317 305 270 271 304 362 305 324 322 346 349 329 328 329 352 298 300 283 286 285 262 231 230 230 291 291 291 325 325 401 349 275 236 239 308 287 285 288 288 287 289 245 245 243 245 266 249 249 249 251 251 298 300 301 244 254 256 256 246 257 257 264 258 253 260 250 263 261 256 262 263 332 315 318 319 392 317 352 355 321 364 322 379 376 379 404 404 360 364 459 407 409 369 368 428 441 372 373 373 418 420 421 417 449 513 516 400 400 404 405 407 402 458 461 434 429 437 496 497 314 338 340 396 398 395 603 489 446 446 446 510 613 549 557 405 407 477 515 444 436 434 374 374 375 305 359 315 433 417 420 443 460 465 424 383 382 386 388 488 327 327 420 412 493 453 415 438 475 440 331 333 334 308 333 359 399 400 360 317 340 373 408 406 421 452 453 588 510 454 475 411 417 416 487 487 486 
3 :  0 6 7 8 10 11 12 14 14 20 11 14 16 21 16 19 20 19 19 21 26 27 28 23 19 22 22 32 33 26 25 26 36 31 34 36 36 39 35 32 41 39 41 41 48 65 51 44 44 56 57 58 48 49 59 53 55 55 62 80 97 65 60 44 56 51 58 61 61 49 53 61 61 64 63 63 70 72 74 82 78 80 66 62 69 64 64 72 73 66 68 84 77 78 76 70 93 95 92 92 109 110 110 100 100 100 109 110 115 118 118 127 139 138 139 139 95 85 92 158 122 123 139 141 143 121 120 154 155 156 124 125 114 114 116 157 161 119 120 162 149 151 152 118 125 106 132 132 134 150 151 248 274 269 111 112 117 157 157 130 121 117 116 149 140 143 119 121 126 132 156 124 136 129 126 127 127 132 128 129 157 158 137 183 174 180 177 176 187 187 200 203 202 216 217 225 230 177 178 178 426 180 180 192 192 191 205 205 206 220 222 224 210 212 213 214 215 254 243 231 231 216 226 235 234 235 184 151 162 203 203 204 229 231 231 247 248 221 222 224 238 240 238 253 257 292 275 275 237 233 222 223 225 237 250 252 262 240 243 181 182 374 173 212 185 192 189 189 192 191 226 192 220 187 256 256 258 293 266 198 208 203 221 229 202 253 254 254 269 269 299 258 259 260 259 259 228 212 211 264 267 266 298 298 299 335 346 319 321 321 261 260 263 251 251 223 228 240 278 218 257 256 339 285 304 301 301 319 321 342 359 361 364 367 366 395 399 396 445 427 466 374 403 379 379 379 361 360 321 325 327 383 409 367 251 243 244 371 317 319 356 379 380 378 379 380 340 341 341 362 363 363 386 442 367 367 368 318 317 466 268 249 249 323 319 357 358 366 360 363 480 383 403 392 313 316 278 310 368 371 412 416 441 375 375 383 344 342 343 400 404 402 431 403 501 367 397 387 441 409 427 412 414 414 418 490 470 471 300 302 312 528 391 407 403 404 404 302 350 299 480 415 429 406 412 407 510 490 491 565 446 437 464 466 465 397 401 422 438 439 427 518 476 565 475 487 429 433 434 522 436 439 437 402 396 423 487 494 528 524 498 504 504 500 595 533 535 476 476 538 465 455 414 413 413 512 507 603 550 521 518 
4 :  0 6 9 11 7 8 8 9 10 10 10 15 26 17 18 21 23 21 21 23 26 28 29 25 26 28 44 31 32 34 38 39 38 39 39 37 38 38 37 49 51 44 48 47 42 43 45 45 74 46 46 48 47 49 49 56 58 58 56 68 57 64 65 66 56 55 48 47 70 59 49 60 53 68 68 70 71 71 72 83 82 76 78 78 87 87 88 94 101 102 103 103 124 132 91 93 81 77 67 68 68 74 74 76 116 83 94 93 105 93 105 106 107 121 121 110 111 113 113 115 115 118 116 112 111 123 142 92 86 94 111 124 119 131 131 152 138 139 126 100 101 102 104 103 107 131 132 133 141 149 159 150 151 173 173 174 175 179 168 149 219 181 181 117 134 118 142 154 144 168 159 144 142 141 125 175 175 155 144 130 133 170 171 165 165 164 160 158 161 188 186 190 213 261 203 206 236 183 188 198 220 228 225 201 203 214 218 216 176 244 187 180 150 156 182 184 199 184 185 185 243 232 232 167 233 212 175 183 150 193 194 229 229 230 244 243 288 264 223 223 222 270 268 266 229 265 219 259 259 209 178 181 179 223 224 226 226 229 241 285 242 243 233 211 187 196 251 235 266 239 253 252 254 282 285 269 269 255 258 259 276 276 277 410 295 257 202 204 205 243 214 233 207 203 260 260 219 196 237 279 279 282 311 314 334 333 335 360 364 339 344 324 305 305 369 327 324 376 371 332 332 366 382 380 284 295 287 337 337 362 386 365 368 401 374 321 347 346 351 348 354 374 355 354 819 454 441 343 339 341 246 229 231 262 232 250 369 350 354 457 342 302 301 364 277 259 241 341 342 339 364 365 262 244 246 245 348 405 345 249 247 305 336 340 282 301 278 357 347 342 353 483 256 278 267 329 332 332 260 281 282 362 354 354 359 366 349 341 352 377 377 380 402 404 452 405 406 384 387 408 407 409 473 497 409 399 395 396 401 421 403 453 402 401 401 425 508 448 454 501 455 516 430 433 571 542 409 416 414 463 493 417 414 417 502 496 496 385 389 447 448 476 568 449 455 508 514 560 457 476 403 391 490 509 527 433 440 442 521 525 466 468 471 549 610 473 451 355 378 390 344 543 480 454 454 458 455 602 327 364 377 
5 :  0 6 6 6 7 8 8 12 11 13 13 14 27 18 20 20 19 29 19 22 23 34 34 25 25 28 29 30 28 42 33 34 35 39 38 39 38 38 40 46 48 48 58 50 36 35 36 45 46 47 47 47 59 49 57 61 59 60 69 70 76 53 55 55 49 65 66 71 80 148 77 74 74 67 68 69 67 68 71 87 87 88 79 80 67 64 70 71 71 66 67 72 74 70 77 88 79 89 90 86 87 88 75 75 82 77 102 103 104 112 139 94 81 82 80 143 78 85 79 87 84 89 95 82 88 98 121 114 128 128 147 149 133 134 128 140 129 145 147 146 113 102 106 123 125 125 139 147 148 151 159 150 151 142 143 133 148 147 161 166 168 133 123 121 140 141 143 157 157 170 169 171 172 173 174 195 254 178 180 178 190 189 190 219 207 210 209 160 161 163 202 204 181 181 211 231 233 168 169 169 198 200 180 181 181 147 148 149 138 197 198 189 189 189 191 202 191 229 228 227 260 248 187 190 189 222 221 252 252 254 203 205 187 160 166 160 198 169 159 203 222 171 173 175 173 161 175 179 179 177 286 210 214 215 215 226 226 269 269 270 287 320 261 258 261 277 278 296 295 299 371 219 382 400 281 272 269 325 330 330 350 297 292 315 313 313 389 364 318 318 286 307 281 247 247 207 209 239 211 292 294 281 292 281 297 299 283 285 286 210 210 218 220 220 253 295 293 293 267 266 267 242 259 259 301 320 303 320 320 361 368 414 391 325 327 329 328 397 299 301 344 317 382 235 236 312 468 367 265 247 306 310 308 327 330 261 233 280 320 301 323 377 355 245 254 255 321 416 424 410 308 310 311 241 279 245 253 273 324 351 351 352 320 336 305 277 272 274 363 344 404 390 381 386 437 439 434 437 502 1063 416 414 351 370 360 423 419 325 299 278 276 359 364 384 384 384 331 333 399 388 389 436 465 433 436 391 392 396 502 400 396 478 473 474 495 545 566 296 350 340 472 458 485 487 559 464 392 451 470 437 415 414 530 390 376 394 478 502 526 415 405 403 427 430 480 477 409 412 412 550 388 330 308 376 414 416 418 420 462 462 612 525 529 529 472 472 473 566 636 535 539 562 505 506 509 483 485 518 527 516 416 
21
 7.000000e-06 7.010000e-04 5.820000e-04 9.670000e-04 2.930000e-04 5.640000e-04 1.255000e-03 1.419000e-03 1.933000e-03 2.163000e-03 3.342000e-03 7.132000e-03 6.840000e-03 1.053000e-02 1.785900e-02 2.722900e-02 4.430600e-02 6.957000e-02 4.898420e-01 2.080140e-01 5.210920e-01 
